x y
0.0 0.525
0.0 0.455
0.0 0.515
0.0 0.535
0.0 0.525
0.0 0.51
0.0 0.58
0.0 0.525
0.0 0.495
0.0 0.505
0.0 0.51
0.0 0.575
0.0 0.49
0.0 0.425
0.0 0.545
0.0 0.5
0.0 0.52
0.0 0.48
0.0 0.495
0.0 0.455
0.0 0.54
0.0 0.53
0.0 0.49
0.0 0.44
0.0 0.52
0.0 0.485
0.0 0.455
0.0 0.535
0.0 0.51
0.0 0.54
-0.18 0.72
0.1 0.71
0.2 0.68
-0.05 0.45
0.08 0.575
-0.07 0.545
0.17 0.535
-0.04 0.54
-0.04 0.645
0.15 0.58
0.31 0.695
-0.12 0.57
0.04 0.75
-0.03 0.48
0.28 0.67
-0.11 0.48
0.15 0.505
-0.12 0.57
0.06 0.56
-0.05 0.64
-0.03 0.6
0.09 0.61
-0.01 0.515
0.03 0.585
0.01 0.515
0.06 0.49
0.0 0.51
-0.08 0.615
0.18 0.74
0.06 0.6
0.07 0.9
-0.03 0.725
0.33 0.565
0.17 0.73
-0.02 0.665
0.09 0.805
0.34 0.9
-0.06 0.785
0.09 0.77
0.08 0.81
0.22 0.95
0.14 0.675
0.41 0.71
0.11 0.835
0.15 0.6
0.19 0.71
-0.04 0.725
0.01 0.64
0.37 0.74
0.17 0.755
-0.1 0.75
0.28 0.875
0.05 0.7
0.17 0.77
0.11 0.72
0.32 0.805
0.14 0.57
0.15 0.76
0.01 0.77
0.31 0.63
0.32 0.81
0.14 0.99
0.16 0.945
0.2 0.905
0.21 0.935
0.14 0.965
0.27 0.905
0.37 0.905
0.34 0.98
0.01 0.99
0.23 0.955
0.18 0.99
0.07 0.99
0.02 0.94
0.09 0.77
0.29 0.99
0.17 0.755
0.14 0.98
0.32 0.705
0.0 0.88
0.15 0.755
0.11 0.965
0.2 0.975
-0.02 0.735
0.23 0.92
0.07 0.93
0.16 0.99
0.2 0.99
0.11 0.985
0.18 0.97
0.07 0.985
0.23 0.91
0.16 0.975
0.23 0.99
0.15 0.99
0.2 0.98
0.18 0.99
0.21 0.99
0.09 0.965
0.15 0.99
0.22 0.99
0.26 0.99
0.14 0.99
0.17 0.985
0.23 0.985
0.19 0.905
0.2 0.905
0.16 0.985
0.18 0.98
0.2 0.99
0.16 0.97
0.26 0.96
0.13 0.945
0.12 0.99
0.2 0.95
0.25 0.91
0.1 0.99
0.06 0.99
0.13 0.99
0.22 0.99
0.07 0.99
0.13 0.99
0.1 0.985
0.04 0.99
0.07 0.99
0.14 0.99
0.15 0.99
0.11 0.99
0.19 0.965
0.19 0.955
0.11 0.99
0.25 0.99
0.08 0.99
0.11 0.99
0.12 0.99
0.17 0.985
0.06 0.975
0.22 0.99
0.02 0.99
0.13 0.98
0.12 0.915
0.19 0.99
0.05 0.99
0.17 0.98
0.05 0.99
0.08 0.99
0.04 0.99
0.01 0.99
0.05 0.99
0.02 0.99
-0.04 0.49
0.25 0.99
0.09 0.99
0.1 0.99
0.07 0.99
0.04 0.99
0.09 0.99
0.06 0.99
0.06 0.99
0.21 0.99
0.13 0.99
0.0 0.99
0.16 0.97
0.03 0.99
0.02 0.99
0.14 0.99
0.11 0.99
0.05 0.99
0.05 0.99
0.0 0.99
-0.01 0.95
0.02 0.99
0.12 0.99
-0.03 0.915
0.06 0.99
0.04 0.99
0.02 0.99
0.03 0.99
0.02 0.99
0.0 0.645
0.05 0.99
0.06 0.99
0.01 0.78
0.0 0.95
0.05 0.965
0.07 0.99
0.01 0.99
0.01 0.99
0.0 0.99
0.05 0.99
0.0 0.99
0.0 0.95
-0.02 0.99
0.04 0.99
0.01 0.99
0.07 0.99
-0.02 0.94
0.0 0.99
0.06 0.99
0.0 0.99
0.05 0.99
0.02 0.99
0.02 0.99
0.04 0.99
0.0 0.99
0.0 0.555
0.01 0.99
0.05 0.99
0.02 0.98
0.0 0.99
0.02 0.835
0.0 0.99
0.04 0.99
0.06 0.99
0.01 0.69
0.0 0.615
0.0 0.645
0.0 0.93
0.0 0.93
0.01 0.99
0.02 0.865
0.03 0.93
0.01 0.865
0.01 0.455
0.0 0.69
0.0 0.99
0.0 0.97
0.03 0.99
0.0 0.99
0.0 0.345
0.04 0.53
0.0 0.69
0.0 0.72
0.0 0.705
0.0 0.42
0.0 0.53
0.01 0.63
0.0 0.69
0.0 0.42
0.0 0.42
0.0 0.99
0.0 0.99
0.0 0.42
0.0 0.305
0.0 0.655
0.0 0.42
0.0 0.62
0.0 0.835
0.0 0.42
0.0 0.42
0.0 0.655
0.0 0.705
0.0 0.49
0.0 0.69
0.0 0.42
0.0 0.42
0.0 0.72
0.0 0.46
0.0 0.46
0.0 0.46
0.0 0.46
0.0 0.46
0.0 0.46
0.0 0.46
0.0 0.46
0.0 0.46
0.0 0.46
0.0 0.46
0.0 0.46
0.0 0.46
0.0 0.46
0.0 0.46
0.0 0.46
0.0 0.46
0.0 0.46
0.0 0.46
0.0 0.46
0.0 0.46
0.0 0.46
0.0 0.46
0.0 0.46
0.0 0.46
0.0 0.46
0.0 0.46
0.0 0.46
0.0 0.46
0.0 0.46